0,450
2774,150
0,600|704,700|1024,1000|1224,1000|1424,1000|1624,1000|1824,1000|1824,1300|2024,1000|1224,900|1864,750|1864,550|1416,450|1224,600|2430,600|2632,1000|3208,900|2144,1800|3400,900|3592,900|3784,900|3976,900|4168,900|4360,900|4552,900
1399,100|1824,100|2324,100
1224,50|1404,100|2274,100
2088,955
2124,150
960,875|960,750|2824,400
384,650|576,650|1480,850|1608,800|1736,750|2056,750|2184,700|2312,650|2888,950|3016,900|2208,1300|2400,1400|2400,1800|3400,780|3592,740|4296,740|4488,780
775,755|1099,930|1299,930|1499,930|1949,480|1491,380|1299,530
4200,890
64,450
128,450