0,250

-32,350|850,200|1906,190
475,400|550,350|625,300|700,250|1106,350|775,200|1300,150|1150,50|1000,-50|850,-150|700,-250|978,230|1010,260|1042,290|1074,320|1778,318|1810,286|1842,254|1874,222|1440,374|1440,574|1440,774|1440,974|1440,1174|1440,1374
0,350|64,350|128,350|882,200|1138,350|1202,350|1266,350|1330,350|1522,350|1586,350|1650,350|1714,350|1400,250|500,-250|1938,190|2002,190|2066,190|1096,1474|1160,1474|1224,1474|1288,1474|1352,1474|1416,1474|1480,1474|1544,1474|1608,1474|1672,1474|1714,1474|1096,1274|1160,1274|1650,1274|1714,1274|1714,1074|1096,1074|1160,1074|1650,1074|1714,874|1096,874|1160,874|1650,874|1714,874|1714,674|1096,674|1160,674|1650,674|1714,674


192,350|946,200|1746,350|2098,190
400,350|1074,600|1074,690|1074,780|1074,870|1074,960|1074,1050|1074,1140|1074,1230|1074,1320|1074,1410|1074,510|1074,420|1074,330|1778,600|1778,690|1778,780|1778,870|1778,960|1778,1050|1778,1140|1778,1230|1778,1320|1778,1410|1778,510|1778,420|1778,330

0,254
1985,94
-10000,0
-10000,0
-10000,252





2088,955

-10000,316
915,316