0,330

0,380
192,280|320,180|448,80|576,-20|704,-120|832,-220|960,-220|1088,-220|1216,-120|1344,-20|1472,80|1600,180|1728,280
64,380|192,380|320,380|448,380|576,380|704,380|832,380|960,380|1088,380|1216,380|1344,380|1472,380|1600,380|1728,380


1856,380
-64,252|-64,60|-64,-32|-64,-150|-64,-230|-64,-350|-64,-470|-64,-590|-64,-710|1920,252|1920,60|1920,-32|1920,-150|1920,-230|1920,-350|1920,-470|1920,-590|1920,-710

0,284
1856,284
-10000,0
-10000,0
-10000,0
-10000,0
1550,252



2088,955

-10000,316
915,316
-10000,0
-10000,775
-10000,0
-10000,0
960,-284